DOY	Etr	ETP	NDVI	Rain	T_5cm	T_10cm	T_20cm	T_30cm_2	T_40cm	T_50cm	SWUpper_Avg	SWLower_Avg	LWUpperCo_Avg	LWLowerCo_Avg	Trad_apo	Ta_2m	Ta_3m	RH_2M	RH_3M	WS_ms_2M_Avg	WS_ms_3M_Avg	IAFactivo	Gcorregido					
201	0	0.00	0.130141832	0.000	281.872	281.478	281.164	281.185	8.207	8.402	42.95354861	5.512104167	346.7180556	367.04375	283.28	283.07	283.35	97.6	97.3	7.777	8.07	0.02	-10.48					
202	0	0.00	0.141480769	2.700	284.061	283.614	282.786	282.218	8.805	8.686	11.74104861	1.223055556	364.0631944	374.4277778	284.42	285.45	285.74	84.1	83	2.524	2.874	0.02	-3.14					
203	0	0.06	0.144343574	0.000	281.039	281.549	281.958	282.195	9.165	9.120	142.7572222	20.78438889	274.4333333	349.2368056	279.24	279.88	280.14	94.6	93.3	0.806	0	0.02	12.45					
204	0.321101725	0.07	0.14524683	0.000	278.559	279.388	280.431	281.268	8.689	8.998	119.0277431	17.83507639	256.6541667	335.5284722	276.56	277.32	277.74	61.51	58.38	2.645	2.81	0.02	14.20					
205	0	0.11	0.148135204	0.000	278.496	279.020	279.744	280.521	8.046	8.568	142.6320139	21.35234028	252.7173611	339.0708333	277.02	278.03	278.37	75.41	72.81	0.509	0.227	0.06	9.21					
206	0.355746273	0.06	0.160931826	0.000	277.928	278.529	279.360	280.154	7.670	8.220	69.22120139	9.942152778	295.3180556	334.5402778	276.49	276.97	277.32	94.7	94.1	1.763	2.23	0.06	8.08					
207	0.031378166	0.04	0.160739962	0.100	280.345	280.104	279.940	280.200	7.489	7.968	54.66397222	6.435541667	336.3375	354.5756944	280.78	280.62	280.87	85.5	82.6	2.032	2.234	0.06	-5.46					
208	0	0.10	0.162926088	0.000	280.164	280.311	280.406	280.612	7.749	8.044	146.4447778	21.70119444	271.0451389	350.1569444	279.40	279.79	280.06	93.4	91.8	1.408	1.867	0.06	4.00					
209	0	0.04	0.16206853	0.100	278.996	279.410	279.984	280.512	7.787	8.115	48.7386875	7.110173611	313.7243056	340.5451389	277.81	278.04	278.24	100	99.7	5.312	5.454	0.06	5.67					
210	0.008786938	0.03	0.163103059	0.000	280.784	280.585	280.422	280.573	7.725	8.043	57.6796875	8.0873125	323.5020833	354.9673611	280.91	280.31	280.49	89	87.9	5.622	5.836	0.08	-4.65					
211	0	0.10	0.166283911	0.000	282.117	281.637	281.145	281.054	8.017	8.178	104.6806875	15.28573611	305.0770833	370.9569444	283.52	284.25	284.50	81.6	80.7	6.734	6.988	0.08	-9.79					
212	0	0.09	0.177240234	0.000	282.711	282.430	282.018	281.781	8.551	8.508	62.56522222	8.790166667	322.4340278	367.8631944	283.10	283.97	284.29	51.01	49.11	3.612	3.975	0.08	-3.60					
213	0.604974797	0.19	0.170370718	0.000	281.654	281.851	281.948	281.996	8.881	8.833	135.3182361	20.45954167	286.8069444	357.7520833	281.07	281.77	281.99	63.85	63.09	11.64	13.17	0.08	5.94					
214	0.454946448	0.15	0.178865017	0.000	281.054	281.253	281.480	281.739	8.813	8.915	147.9761667	22.65420833	269.2201389	352.9416667	280.09	280.46	280.68	74.29	73.32	6.229	6.886	0.11	4.77					
215	0.256904063	0.20	0.183334316	0.000	280.634	280.814	281.076	281.435	8.625	8.838	153.8541528	23.59909028	264.1236111	351.3569444	279.67	279.87	280.26	64.68	62.41	2.271	2.688	0.01	3.58					
216	0	0.32	0.185095748	0.000	281.069	280.987	281.058	281.342	8.500	8.736	156.8052986	25.10160417	271.3486111	362.4555556	281.60	282.99	283.36	55.22	54.53	4.974	6.043	0.12	-3.09					
217	0.788115869	0.26	0.182468772	0.000	282.437	282.114	281.785	281.727	8.670	8.769	159.2484931	26.07377083	271.0333333	368.3458333	282.87	283.69	284.02	66.79	66.1	6.049	7.483	0.17	-3.80					
218	0.38779471	0.27	0.187909449	0.000	282.613	282.456	282.201	282.106	8.979	8.980	152.5921667	25.09642361	276.7840278	364.5277778	282.15	283.09	283.60	69.17	67.76	3.05	3.62	0.20	-0.05					
219	0.133231366	0.35	0.192894512	0.000	281.581	281.757	281.921	282.100	9.098	9.139	159.0411389	25.89036806	259.9944444	355.5326389	280.46	280.50	281.05	73.13	70.61	2.523	2.974	0.19	4.26					
220	0.2550678	0.28	0.201782507	0.000	280.468	280.939	281.430	281.827	8.973	9.118	158.314125	25.54822222	262.1583333	345.0409722	278.60	278.08	278.59	87.2	85.6	1.243	1.648	0.08	9.01					
221	0.121942588	0.23	0.20929479	0.000	279.593	280.120	280.759	281.346	8.659	8.952	116.8366111	19.02277083	269.7548611	338.5784722	277.17	277.10	277.70	71.62	68.05	2.333	2.795	0.10	9.24					
222	0.389766306	0.48	0.219343914	0.000	280.252	280.236	280.469	280.949	8.291	8.683	161.4604097	26.53688889	270.3451389	357.69375	280.75	281.56	282.12	49.92	47.43	2.121	2.452	0.17	-3.00					
223	0.489869329	0.31	0.230829378	0.000	281.650	281.492	281.322	281.365	8.398	8.607	96.23647917	15.63491667	296.7034722	361.1430556	281.63	282.73	283.26	83.1	79.19	2.631	3.096	0.19	-1.07					
224	0.085720492	0.16	0.248501659	0.300	280.310	280.755	281.169	281.478	8.576	8.736	125.8226667	18.83122222	291.3659722	341.6201389	278.10	277.72	278.11	96.9	96.5	4.065	4.704	0.09	9.77					
225	0.154200489	0.18	0.252830045	0.100	278.690	279.422	280.246	280.924	8.295	8.639	136.9823681	21.83452083	262.8736111	329.1604167	275.64	274.74	275.13	90.1	88.9	1.71	1.958	0.11	13.58					
226	0.329544745	0.27	0.252577568	0.000	277.964	278.523	279.347	280.195	7.750	8.297	175.2194861	29.68797222	251.4569444	333.9111111	276.44	276.00	276.38	81.6	80.7	3.951	4.316	0.43	5.49					
227	0.392043696	0.31	0.259141838	0.000	279.563	279.554	279.687	280.106	7.470	7.972	133.4760625	21.89045833	276.9020833	347.8263889	279.17	279.10	279.48	79.99	77.24	1.978	2.296	0.24	-1.33					
228	0.102971383	0.45	0.261825612	0.000	281.006	280.675	280.404	280.497	7.622	7.944	149.7014444	24.84583333	287.0875	360.9618056	281.57	282.04	282.59	73.99	71.98	2.018	2.371	0.24	-7.32					
229	0.162941312	0.26	0.258835676	0.000	281.001	280.991	280.957	281.012	7.996	8.138	119.6776389	20.17514583	290.5923611	353.8604167	280.42	280.59	281.01	88.7	88.1	4.362	4.931	0.18	0.63					
230	0.371895669	0.25	0.255209655	0.000	280.204	280.565	280.876	281.115	8.169	8.316	126.7621042	19.46222917	288.8611111	342.5527778	278.48	277.22	277.48	75.82	75.23	2.59	3.13	0.23	7.58					
231	0.424853614	0.50	0.262742491	0.000	280.578	280.543	280.601	280.873	8.047	8.307	162.5403333	25.11563889	282.9166667	347.4583333	279.60	276.10	276.38	77.7	75.64	1.12	1.215	0.35	-1.15					
232	0.143753154	0.33	0.268544989	0.000	279.310	279.761	280.297	280.772	8.001	8.274	100.9602778	16.63345833	279.4625	335.6784722	277.03	275.85	276.28	75.35	74.08	1.154	1.534	0.33	7.14					
233	0.63378903	0.28	0.273698345	0.000	279.491	279.690	280.053	280.514	7.791	8.133	95.24526389	14.51488889	305.1993056	343.0972222	278.78	277.36	277.71	81.3	80.8	2.95	3.188	0.71	0.13					
234	0	0.46	0.27394808	0.200	281.655	281.206	280.775	280.774	7.829	8.077	124.7312361	20.19998611	307.8013889	359.1180556	281.78	280.64	281.03	80.4	77.83	1.913	2.367	0.61	-7.32					
235	0	0.62	0.275494635	0.000	282.319	281.880	281.449	281.330	8.218	8.283	131.0904236	21.57106944	298.0194444	366.3770833	282.79	282.57	283.03	84.9	83.9	2.868	3.222	0.54	-7.05					
236	0.894920678	0.74	0.284478969	0.000	283.075	282.650	282.148	281.891	8.649	8.580	178.0268194	29.91259028	288.8166667	368.1736111	283.22	282.56	282.86	92.9	92.2	3.464	3.763	0.59	-5.23					
237	0.32198591	0.81	0.292325095	0.000	283.776	283.200	282.600	282.314	9.040	8.904	173.8545486	28.46593056	310.2923611	373.7708333	284.38	282.96	283.29	90.4	90.1	3.164	3.51	0.58	-9.10					
238	0.436143141	0.96	0.299985594	0.000	285.108	284.302	283.448	282.952	9.528	9.257	166.5688889	27.13963889	319.01875	383.4409722	286.15	285.15	285.64	83.4	81.4	1.56	2.238	0.69	-10.90					
239	0.663345806	0.99	0.310832205	0.000	286.252	285.321	284.302	283.670	10.120	9.719	148.7535972	23.83684028	336.4965278	393.7451389	288.20	287.49	287.90	97.3	97.1	7.426	8.13	0.79	-15.40					
240	0.40820157	0.81	0.31993149	0.000	288.367	287.153	285.684	284.699	10.891	10.278	101.7107639	16.62627778	369.3340278	409.7902778	291.11	291.09	291.44	80.1	79.48	5.709	6.786	0.85	-19.32					
241	0	1.41	0.332459262	10.000	286.365	286.573	286.208	285.539	11.738	10.990	171.3928889	25.81725694	308.0715278	373.9006944	284.39	284.54	284.95	70.66	68.42	1.422	1.708	1.02	14.14					
242	3.277645983	1.70	0.342887746	0.600	282.742	283.128	283.797	284.311	11.363	11.158	183.2498542	28.74670833	284.2708333	362.1430556	281.95	282.20	282.71	81.7	80.5	2.514	2.879	0.96	7.04					
243	1.076333743	1.63	0.352299511	0.200	283.214	283.231	283.433	283.723	10.792	10.805	193.8663403	31.5026875	287.8819444	362.7708333	282.39	281.62	282.12	71.37	68.81	1.613	1.956	0.91	1.24					
244	0.554650251	1.06	0.364855953	0.200	281.936	282.406	282.949	283.372	10.500	10.578	201.4407708	34.75736806	266.0201389	346.275	279.23	277.97	278.27	87.9	86.2	1.206	1.479	1.02	11.92					
245	0.316758603	0.75	0.367955434	0.500	279.363	280.297	281.504	282.434	9.904	10.233	138.6882917	24.44658333	267.8458333	332.3645833	276.42	275.61	275.99	92	91.1	6.638	7.274	1.15	16.37					
246	0.223460108	1.32	0.377711323	0.000	279.478	279.856	280.630	281.513	9.105	9.658	225.5982639	38.28566667	242.8055556	341.4083333	278.08	277.16	277.44	82.2	81.3	5.636	6.216	1.20	5.19					
247	0.169509708	0.92	0.387992048	0.000	279.723	279.986	280.552	281.219	8.683	9.205	154.4713194	26.65645139	279.4354167	339.7479167	278.09	276.23	276.51	87.1	86.2	0.738	0.979	1.15	5.57					
248	0.24653329	1.14	0.395671681	0.000	279.837	280.062	280.478	281.038	8.445	8.928	180.1989167	32.04641667	264.7375	340.4277778	278.15	276.32	276.60	86.2	85.8	3.899	4.138	1.19	2.57					
249	0.227889938	0.61	0.406103432	0.000	280.745	280.741	280.860	281.186	8.421	8.789	61.57945833	9.792576389	328.0694444	352.4479167	280.60	279.54	279.85	93.6	92.9	3.755	4.127	1.30	-1.63					
250	0	0.43	0.416483976	4.200	282.871	282.372	281.840	281.712	8.675	8.852	64.47416667	8.240201389	359.7298611	366.2118056	283.32	282.35	282.66	99.9	99.6	2.998	0	1.96	-10.21					
251	0	1.18	0.425425685	0.100	284.937	284.138	283.109	282.592	9.260	9.178	139.9310556	21.29684722	347.6770833	375.7493056	285.28	283.41	283.69	99.8	99.4	1.915	2.356	1.84	-16.10					
252	0	0.28	0.432044214	0.500	283.894	283.895	283.691	283.413	10.009	9.718	39.95229861	5.652965278	359.2541667	365.86875	283.26	282.42	282.75	99.9	99.6	4.334	0	2.06	2.22					
253	0.118843641	1.26	0.435729896	0.000	283.968	283.725	283.404	283.298	10.119	9.985	169.6638472	27.29885417	298.1958333	363.0055556	282.61	281.38	281.71	97.5	96.1	1.842	2.395	1.98	-0.85					
254	0.292704933	1.20	0.442588745	0.100	283.196	283.196	283.198	283.270	10.177	10.092	146.455625	24.56609722	323.0201389	357.375	281.74	279.14	279.35	94.5	93.9	2.392	2.778	2.06	-0.79					
255	0.623360771	2.12	0.462614426	0.000	283.051	282.944	282.917	283.071	10.076	10.092	234.1578542	42.30772917	275.4888889	362.4993056	282.24	281.00	281.37	87.5	87	7.007	8.1	1.98	-1.99					
256	0.906985768	1.73	0.478077506	0.000	284.611	284.208	283.678	283.435	10.215	10.122	216.8207083	37.35480556	307.5923611	370.8993056	284.45	281.39	281.58	97.6	97.1	2.975	3.3	2.25	-10.86					
257	1.189674072	2.03	0.494538468	0.000	284.884	284.582	284.152	283.889	10.583	10.369	204.9250625	36.9100625	320.7090278	375.2743056	284.90	283.50	283.75	95.9	95.4	3.724	4.327	2.43	-7.55					
258	0.757798882	0.68	0.508556911	6.600	284.329	284.408	284.343	284.199	10.894	10.637	62.0401875	12.79895139	346.1506944	367.8756944	283.43	283.16	283.51	90.1	88.7	0.667	0.736	3.24	4.45					
259	0	2.67	0.52490036	0.000	283.171	283.345	283.564	283.795	10.785	10.721	248.0077847	44.14050694	278.8236111	358.9902778	281.73	281.63	282.06	59.83	57.62	3.645	3.763	2.67	3.32					
260	0.78342847	3.90	0.539047332	0.000	283.293	283.076	283.101	283.382	10.490	10.573	245.1012639	45.37763194	283.6493056	371.2965278	283.58	284.09	284.54	75.34	73.15	2.342	2.93	2.39	-6.35					
261	0.937786505	2.80	0.555427501	0.000	284.387	283.988	283.673	283.620	10.526	10.512	252.5802986	47.84772917	272.7381944	373.1763889	284.41	283.41	283.66	54.53	53.7	4.171	5.338	2.48	-9.21					
262	1.236941798	3.31	0.562704638	0.000	284.836	284.694	284.370	284.122	10.844	10.675	226.4604583	43.01620833	287.0104167	364.6055556	282.85	282.11	282.48	61.52	57.54	2.893	3.507	2.57	2.54					
263	1.123981213	4.09	0.583365771	0.000	283.448	283.373	283.521	283.777	10.806	10.787	258.8312083	50.27141667	262.6055556	362.2145833	282.22	281.88	282.41	56.97	52.01	2.759	3.294	2.58	-3.98					
264	1.438827426	3.42	0.59258444	0.000	284.079	283.829	283.705	283.761	10.708	10.715	243.8241319	47.30073611	268.1666667	363.7111111	282.61	281.88	282.28	84.7	81.6	2.09	2.883	2.79	-3.45					
265	1.394363393	3.35	0.598900644	0.000	284.352	283.905	283.678	283.743	10.708	10.714	264.2832222	51.64961111	261.7173611	368.4451389	283.52	282.35	282.78	41.76	40.93	4.049	4.891	2.90	-10.62					
266	1.542141424	4.34	0.605327545	0.000	285.143	284.708	284.307	284.130	10.921	10.804	226.5852986	45.24778472	289.5631944	376.34375	285.04	284.78	285.12	61.88	60.45	2.509	3.508	3.13	-8.63					
267	1.91211326	3.99	0.614457695	0.000	288.106	286.800	285.499	284.800	11.326	11.050	248.5993194	48.0973125	318.1125	401.8472222	289.74	289.74	290.22	70.59	68.29	1.445	1.88	3.35	-25.50					
268	1.342615948	3.94	0.619444215	0.000	288.770	287.810	286.710	285.880	12.157	11.590	254.9072639	49.38844444	311.3361111	393.8291667	288.51	288.12	288.58	74.33	72.54	0.971	1.472	3.39	-15.30					
269	1.864309474	3.69	0.624618685	0.000	288.092	287.632	286.996	286.399	12.748	12.135	250.6987222	49.70054167	301.0048611	381.2	286.25	285.81	286.26	79.24	76.63	1.761	2.25	3.63	-5.91					
270	1.618086347	2.58	0.619885491	0.000	286.415	286.388	286.356	286.245	12.888	12.439	223.7438264	47.17557639	298.5763889	367.8798611	283.91	282.26	282.46	95.6	94.6	0.499	0.399	3.57	-0.71					
271	0.888157046	2.45	0.62612143	0.000	287.483	286.918	286.403	286.141	12.815	12.481	194.2458611	39.40775	329.3458333	385.0590278	287.09	285.96	286.26	84.1	83.3	2.776	3.554	3.69	-10.51					
272	1.112209722	4.11	0.639381533	0.000	289.539	288.393	287.299	286.644	13.102	12.644	236.9815347	50.23129861	338.8611111	409.325	291.30	291.04	291.35	73.11	72.38	4.433	4.944	3.88	-20.81					
273	0	0.84	0.651852039	15.300	288.165	288.332	288.072	287.490	13.764	13.080	26.442875	5.881131944	364.2090278	384.0736111	286.43	286.80	287.14	83.2	81.8	2.615	3.199	4.63	11.07					
274	0	3.07	0.665922987	0.000	285.926	286.131	286.391	286.622	13.520	13.226	223.5856806	42.03281944	306.7534722	372.06875	284.72	283.57	283.75	92.9	92.1	7.296	8.45	3.94	2.79					
275	2.751446172	2.82	0.679213336	0.000	284.600	285.110	285.662	286.058	13.095	12.991	272.8180208	54.96371528	275.3625	358.6777778	282.26	280.87	280.98	89.2	88	0.731	1.175	3.83	9.46					
276	1.798222954	2.07	0.690978158	0.000	281.964	282.847	284.040	284.992	12.410	12.608	177.4274583	38.64918056	287.1479167	342.6527778	279.08	278.11	278.31	77.97	77.11	4.425	4.8	4.42	14.44					
277	0.977262207	1.41	0.703504026	3.000	283.610	283.587	283.816	284.350	11.708	12.049	97.49464583	19.681	347.3479167	364.3395833	283.13	282.26	282.44	97.4	96.9	3.968	4.722	4.50	-2.40					
278	0.643581615	3.45	0.721668716	0.100	285.277	284.913	284.575	284.614	11.661	11.826	284.8431597	57.90645833	293.3659722	370.4284722	284.31	283.80	284.09	94.2	92.3	1.361	1.799	3.96	-6.61					
279	1.835757452	4.20	0.729012262	0.100	286.230	285.714	285.260	285.109	11.944	11.908	277.3308611	56.65084722	320.2215278	383.8402778	286.85	286.03	286.19	60.12	59.34	6.107	7.35	4.02	-12.26					
280	2.109005352	4.46	0.734420138	0.000	287.228	286.761	286.115	285.715	12.363	12.143	217.5536458	45.61475	314.6180556	381.0743056	286.42	286.26	286.55	71.9	69.4	1.417	1.795	3.98	-4.65					
281	2.12292285	4.27	0.743763095	0.000	286.335	286.101	285.893	285.810	12.593	12.386	276.0236944	59.63484722	284.6201389	372.4222222	285.00	284.30	284.63	65.25	63.43	1.033	1.403	4.43	-3.77					
282	2.071958243	5.14	0.75474527	0.000	286.723	286.352	285.996	285.857	12.644	12.462	247.1541389	53.86292361	301.0326389	376.71875	285.40	285.94	286.30	56.22	54.2	0.72	1.162	4.05	-5.51					
283	2.006899674	4.87	0.758012567	0.000	287.915	287.089	286.409	286.102	12.809	12.574	242.8735417	51.5825625	333.9131944	397.0138889	289.10	289.60	289.99	77.96	76.34	1.834	2.412	4.13	-16.75					
284	1.622472849	4.30	0.75974352	0.000	290.619	289.523	288.181	287.195	13.445	12.913	276.1815694	56.83914583	328.55	403.4256944	290.72	289.58	289.75	87.5	86.4	1.807	2.168	4.14	-14.59					
285	1.550754425	1.12	0.752168802	0.000	288.288	288.212	287.975	287.616	14.068	13.467	98.49261806	21.93296528	346.8090278	378.7541667	286.06	285.43	285.60	72.83	70.35	4.291	5.114	4.08	2.42					
286	0.893013226	3.98	0.757804957	0.000	287.594	287.567	287.457	287.337	14.020	13.625	303.4740139	65.30301389	275.0986111	369.0458333	284.80	282.64	282.67	83.5	81.7	2.635	3.391	4.10	2.75					
287	1.032461034	3.37	0.760517254	0.000	286.465	286.563	286.713	286.872	13.777	13.564	287.1802917	58.96118056	288.1173611	358.1451389	282.99	279.63	279.56	69.5	68.78	3.34	3.827	3.82	0.35					
288	0.767490187	2.19	0.757160407	0.000	286.047	286.181	286.385	286.592	13.539	13.415	144.0198403	29.82175694	331.0319444	358.9722222	282.74	280.48	280.44	89.6	89	3.296	3.76	3.96	3.50					
289	0.44808612	2.13	0.753046526	0.000	286.959	286.656	286.431	286.440	13.356	13.267	126.870375	26.66785417	349.1506944	377.08125	285.79	284.69	284.72	92	91.5	4.279	4.86	4.16	-4.19					
290	0	0.38	0.754438348	45.300	286.747	286.796	286.698	286.643	13.441	13.273	36.16292361	7.267513889	367.9784722	379.1902778	285.82	285.50	285.62	92.5	91.1	3.667	4.623	4.26	0.02					
291	0	3.46	0.755373347	0.000	287.090	286.876	286.619	286.564	13.422	13.291	303.2224792	61.58839583	296.2576389	381.0729167	286.30	285.96	286.10	92.6	90.1	1.852	2.514	4.26	-3.05					
292	6.646877732	4.12	0.753590311	0.000	287.729	287.205	286.744	286.618	13.450	13.303	323.9222917	64.43673611	288.3791667	384.6527778	287.38	286.20	286.42	92.2	91.1	1.749	2.127	3.76	-12.04					
293	4.147705754	2.19	0.748216509	0.000	287.593	287.544	287.319	287.099	13.758	13.457	187.4065903	40.55575	327.2444444	373.6930556	285.33	284.12	284.28	93	91.9	1.897	2.391	4.27	3.01					
294	2.424809987	2.50	0.749449176	0.000	287.974	287.763	287.423	287.213	13.914	13.615	201.8161667	40.47240278	336.2715278	382.0868056	286.84	285.88	286.13	88.4	86	1.519	2.014	4.45	-3.12					
295	3.188609621	2.80	0.750959825	0.000	285.959	286.353	286.742	286.972	13.884	13.700	252.1815139	52.22605556	302.6777778	365.0034722	283.78	282.55	282.82	90.6	89.7	5.287	5.982	3.70	7.98					
296	1.35205435	2.05	0.752379933	0.400	285.662	285.893	286.167	286.457	13.510	13.498	186.3697986	39.59318056	323.8854167	368.96875	284.17	283.24	283.38	91.5	90.2	2.516	3.18	4.31	4.65					
297	2.930883005	4.15	0.748615831	0.000	287.574	286.858	286.315	286.295	13.275	13.293	315.610875	60.37350694	316.4986111	385.3972222	287.71	286.07	286.25	92.1	90.3	1.558	2.079	4.03	-15.45					
298	6.050619777	5.37	0.750592717	0.000	289.971	288.868	287.733	287.149	13.693	13.421	327.4182361	64.36540972	331.9979167	405.6833333	291.15	290.37	290.65	82	80.5	0.503	0.127	4.00	-20.62					
299	4.655319227	1.05	0.757996799	3.100	287.958	288.187	288.132	287.854	14.365	13.888	70.7319375	15.24008333	345.6625	380.7381944	286.30	286.53	286.88	87.9	85.4	1.956	2.719	3.96	6.11					
300	0.795046672	4.27	0.75481656	0.000	289.883	289.023	288.134	287.740	14.389	14.060	268.8793333	52.10173611	339.4361111	403.6916667	290.44	290.44	290.73	67.57	65.13	2.034	2.806	3.91	-15.52					
301	0	1.29	0.756623333	10.500	287.396	287.958	288.250	288.163	14.785	14.333	103.4032917	20.46476389	347.2875	373.375	284.89	284.21	284.36	96	95.3	4.388	5.215	3.86	13.04					
302	0	3.81	0.754024899	0.000	289.218	288.442	287.764	287.613	14.458	14.275	327.3261528	56.6469375	329.8361111	392.3388889	288.92	286.89	286.88	89.8	88	1.242	1.799	3.81	-18.37					
303	4.693106924	3.67	0.750936149	0.000	289.655	289.383	288.855	288.363	14.858	14.415	261.0298125	49.08779167	319.8888889	389.8305556	288.39	287.40	287.72	80.4	77.2	1.899	2.566	3.74	-1.35					
304	4.709914122	4.30	0.753320176	0.000	288.438	288.331	288.227	288.186	14.942	14.611	338.094375	64.79175694	282.4875	378.3722222	286.59	285.43	285.73	85.6	82.9	1.5	2.023	3.67	-0.59					
305	3.090401471	1.14	0.749175614	0.000	288.385	288.300	288.217	288.155	14.903	14.613	92.95644444	17.89688194	376.9465278	390.0416667	288.10	287.57	287.72	99.1	98.8	1.623	2.328	3.60	-1.96					
306	2.560068989	4.12	0.742237632	0.000	291.051	290.172	289.131	288.522	15.049	14.682	346.2679236	62.55920833	324.3701389	403.4409722	290.91	289.37	289.50	90.2	88.4	2.598	3.26	3.52	-14.06					
307	3.948363504	4.74	0.743521281	0.000	290.099	289.588	289.095	288.795	15.386	14.953	356.9307569	65.37992361	294.6208333	393.7861111	289.63	287.58	287.73	72.77	70.09	1.518	2.166	3.43	-10.83					
308	3.672420901	4.06	0.73680313	0.000	290.598	290.363	289.834	289.303	15.718	15.172	186.7541736	38.34572917	339.9951389	400.6048611	290.03	289.73	290.00	72.83	69.42	1.503	2.19	3.34	-1.04					
309	2.665172748	5.89	0.732490304	0.000	290.143	289.641	289.235	289.054	15.752	15.355	358.331875	66.06384722	292.7180556	392.6763889	289.37	287.75	288.17	57.44	47.65	1.747	2.56	3.25	-10.77					
310	3.112291432	7.26	0.727656093	0.000	292.161	291.040	290.043	289.439	15.910	15.441	347.5460347	65.64559028	333.1847222	420.5222222	293.79	292.81	293.19	71.77	70.64	4.475	5.755	3.25	-20.17					
311	2.122153476	5.34	0.72229089	0.000	293.155	292.425	291.395	290.438	16.578	15.841	345.0628333	61.440125	307.1111111	407.2875	292.13	289.61	289.71	83.2	80.7	1.759	2.396	3.25	-7.63					
312	1.673993861	2.74	0.716385084	1.500	289.077	289.773	290.237	290.254	16.849	16.249	202.5800556	40.94943056	326.8486111	376.3388889	286.13	284.61	284.79	92	90.4	0.805	1.205	3.25	7.18					
313	0.467229813	3.70	0.709929065	0.000	290.418	290.266	289.948	289.786	16.505	16.150	331.0093194	59.16188889	310.3875	389.64375	288.80	286.39	286.38	89.8	87	1.225	1.712	3.25	-5.84					
314	1.049748548	3.63	0.702913223	0.000	290.523	290.087	289.806	289.691	16.430	16.095	268.5663681	50.40201389	327.3013889	397.1472222	290.06	287.99	288.04	90	89	2.792	3.507	3.25	-9.57					
315	0.629166667	2.74	0.695327949	1.400	292.872	291.826	290.850	290.204	16.647	16.160	212.1126111	38.84348611	368.5298611	407.2270833	291.81	289.69	289.69	95.9	95.2	2.874	3.528	3.25	-11.48					
316	0	0.90	0.687163634	23.500	291.458	291.445	291.153	290.726	17.128	16.499	71.32654167	13.58090972	396.6388889	404.9840278	290.63	290.24	290.37	99.5	99	3.381	4.036	3.25	0.04					
317	0	3.00	0.678410667	0.000	293.456	292.630	291.504	290.830	17.233	16.667	275.3322361	46.99204167	367.1590278	415.6090278	293.09	291.67	291.77	95.9	94.2	0.992	1.416	3.25	-15.59					
318	7.475077409	4.51	0.669059438	0.000	293.102	292.656	291.955	291.339	17.674	16.985	346.4870833	61.21051389	328.2375	412.9875	292.69	291.65	291.88	88.7	85.2	1.402	2.044	3.25	-6.54					
319	7.533878824	4.84	0.659100338	0.000	293.030	292.311	291.696	291.316	17.818	17.217	303.1645347	54.95724306	345.0923611	418.3513889	293.39	292.66	292.97	59.22	58.14	5.283	7.42	3.25	-13.01					
320	4.343234652	4.51	0.648523758	1.500	295.530	294.382	292.963	291.968	18.144	17.417	296.9621667	50.30630556	363.2569444	431.4638889	295.80	294.41	294.59	91.2	89.6	1.285	1.842	3.25	-17.31					
321	3.129374243	4.34	0.637320087	3.600	294.999	294.349	293.432	292.598	18.732	17.882	285.3886806	53.01521528	366.7166667	423.0722222	294.28	292.85	293.08	87.8	83.5	1.307	1.879	3.25	-7.01					
322	1.745628957	5.49	0.625479715	0.000	293.885	293.517	293.021	292.560	18.937	18.188	347.2117986	61.8266875	328.7965278	419.2666667	293.62	292.24	292.44	81.2	78.1	1.333	1.944	3.25	-7.79					
323	3.640224392	5.44	0.612993034	0.000	294.778	293.846	293.039	292.513	18.925	18.268	358.3499514	64.04925694	325.3090278	422.0388889	294.55	292.42	292.59	78.61	77.42	3.497	4.188	3.25	-14.60					
324	1.273193408	4.62	0.599850432	0.000	296.392	295.348	294.202	293.213	19.323	18.482	297.6558889	51.27888194	366.9048611	428.2819444	295.64	292.98	293.05	65.97	64.52	1.953	2.643	3.25	-11.99					
325	0	0.71	0.586042301	23.400	290.546	291.875	292.778	292.968	19.550	18.837	46.79870833	9.009166667	371.3916667	388.3909722	287.95	287.08	287.32	87.3	85.8	5.005	6.28	3.25	16.09					
326	0	3.04	0.571559031	0.000	291.123	291.515	291.637	291.775	18.709	18.453	366.7022083	60.80028472	306.1881944	391.8569444	289.25	286.67	286.69	95.6	94.2	2.241	2.963	3.25	2.16					
327	7.28788051	3.11	0.556391012	0.100	290.854	290.981	291.079	291.278	18.240	18.070	378.7071528	66.34427083	290.2909722	389.38125	288.93	285.99	285.97	95.7	94.8	4.249	4.796	3.25	-0.59					
328	6.332456489	2.28	0.540528634	0.000	291.344	291.264	291.210	291.222	18.050	17.823	251.6139167	47.69144444	344.4444444	396.0208333	289.53	287.81	287.90	82.3	81.4	3.397	4.067	3.25	1.24					
329	3.257570761	0.64	0.523962288	3.200	289.855	290.426	290.847	291.039	17.922	17.703	62.68999306	11.71170833	374.1409722	389.3513889	287.96	287.30	287.49	99.3	98.8	0.746	0.928	3.25	8.73					
330	1.397748324	3.39	0.506682364	0.200	291.777	291.286	290.790	290.690	17.568	17.453	312.1487708	59.13349306	340.6923611	406.1840278	291.02	290.24	290.49	75.61	73.36	0.965	1.172	3.25	-5.46					
331	4.316547929	3.96	0.488679251	0.000	292.011	291.469	290.974	290.793	17.587	17.370	376.2092431	66.43376389	301.8486111	400.9722222	290.68	288.33	288.69	84.1	79.01	1.594	2.268	3.25	-9.52					
332	3.437405876	4.59	0.469943341	0.000	293.660	292.478	291.662	291.225	17.812	17.447	305.0962083	58.79606944	348.9993056	422.7409722	293.99	292.48	292.74	45.26	44.04	2.706	3.824	3.25	-15.95					
333	2.725627679	4.41	0.450465023	0.000	295.665	294.432	293.149	292.183	18.402	17.762	289.7530417	60.62172917	355.5333333	430.1763889	295.39	294.14	294.58	48.13	43.03	1.896	2.699	3.25	-10.85					
334	1.787210542	4.23	0.430234689	0.000	294.408	293.863	293.205	292.593	18.918	18.226	377.6665208	73.37511111	304.4625	410.1381944	292.67	289.15	289.36	71.33	70.27	4.212	5.339	3.25	-8.56					
335	1.63125	3.34	0.409242727	0.000	293.316	293.197	292.922	292.585	19.077	18.471	395.2395208	81.28179167	282.4034722	394.4451389	289.92	286.44	286.65	70.06	66.01	1.709	2.015	3.25	-3.26					
336	0.972222222	4.26	0.387479529	0.000	295.095	293.809	292.944	292.510	19.040	18.530	382.9011875	76.7189375	311.4756944	417.3576389	294.01	289.96	290.16	48.67	47.36	2.224	3.36	3.24	-19.21					
337	0.95625	2.24	0.364935484	0.300	293.679	293.813	293.606	293.119	19.461	18.765	153.6633889	36.46995833	359.60625	409.8305556	291.84	290.41	290.73	83.9	80.6	1.293	1.924	2.10	6.60					
338	0	1.43	0.341600984	23.800	285.731	287.404	289.541	290.963	18.525	18.538	257.5206319	60.06473611	326.3465278	375.7576389	285.22	284.22	284.59	92.9	92	3.492	4.31	2.10	23.68					
339	0	2.76	0.317466417	0.000	290.887	290.031	289.695	290.052	17.386	17.655	372.7212986	92.33163194	310.3138889	406.5944444	291.55	288.40	288.56	66.99	65.76	2.961	3.731	2.10	-18.64					
340	3.616562172	2.90	0.292522175	0.000	291.893	291.493	291.101	290.851	17.591	17.438	392.3509097	101.1120347	302.9625	409.975	291.86	289.61	289.80	85.9	84.3	2.478	3.1	2.10	-0.64					
341	3.135787328	3.29	0.266758648	0.000	292.798	291.731	291.048	290.882	17.696	17.527	373.9362222	94.35429167	313.7819444	419.5256944	293.63	290.60	290.75	48.16	47.25	2.9	3.974	2.10	-15.45					
342	2.45101511	4.45	0.240166226	0.000	296.169	294.531	292.918	291.959	18.256	17.757	383.9555764	97.55215278	350.6729167	447.4104167	298.23	295.66	295.89	72.73	70.97	1.038	1.46	2.10	-23.00					
343	2.25879573	3.65	0.212735298	0.000	297.302	295.723	294.179	293.113	19.205	18.422	377.3606667	93.21345139	349.1097222	440.3326389	297.32	294.07	294.33	51.37	48	1.657	1.751	2.10	-23.13					
344	1.934934223	4.25	0.199164391	0.000	297.545	296.533	295.393	294.273	20.193	19.185	262.6139931	72.71311806	363.96875	452.4340278	298.51	297.90	298.35	63.67	61.66	1.6	2.239	2.10	-8.49					
345	0.313273612	1.70	0.185313981	2.200	294.842	294.879	294.734	294.318	20.614	19.756	172.8757222	45.20793056	353.4645833	415.6833333	292.83	291.71	292.27	90.3	87.6	1.764	2.455	2.10	2.81					
346	0.180290306	1.49	0.171181668	0.000	292.807	293.232	293.566	293.628	20.334	19.789	348.6608056	88.93128472	308.3555556	401.0965278	290.45	288.18	288.51	75.8	74.06	2.599	3.296	2.10	10.39					
347	2.351862781	1.82	0.084426338	0.000	292.566	292.384	292.485	292.718	19.681	19.440	294.5714722	75.02268056	311.9819444	400.6604167	290.39	287.09	287.39	52.29	51.35	3.532	4.198	2.10	-0.51					
348	1.391261279	1.44	0.084426338	0.500	292.754	292.751	292.727	292.681	19.452	19.146	142.2423819	37.22579861	362.30625	413.8472222	292.07	291.61	292.05	89.6	87.7	1.154	1.463	2.10	1.03					
349	0.426757065	0.67	0.084426338	0.800	291.563	292.055	292.333	292.443	19.282	19.030	114.8596458	29.58235417	353.6465278	398.1048611	289.45	289.16	289.66	80.9	78.17	1.485	2.054	2.10	8.46					
350	1.211815717	2.06	0.084426338	0.000	294.609	293.119	292.193	292.003	18.881	18.754	369.597625	80.151875	326.15	430.9298611	295.95	291.44	291.68	42.46	41.76	4.148	5.172	2.10	-24.32					
